{"cells":[{"cell_type":"code","execution_count":9,"metadata":{},"outputs":[{"data":{"text/html":["<div>\n","<style scoped>\n","    .dataframe tbody tr th:only-of-type {\n","        vertical-align: middle;\n","    }\n","\n","    .dataframe tbody tr th {\n","        vertical-align: top;\n","    }\n","\n","    .dataframe thead tr th {\n","        text-align: left;\n","    }\n","\n","    .dataframe thead tr:last-of-type th {\n","        text-align: right;\n","    }\n","</style>\n","<table border=\"1\" class=\"dataframe\">\n","  <thead>\n","    <tr>\n","      <th></th>\n","      <th></th>\n","      <th colspan=\"2\" halign=\"left\">age</th>\n","      <th colspan=\"2\" halign=\"left\">fare</th>\n","      <th colspan=\"2\" halign=\"left\">survived</th>\n","    </tr>\n","    <tr>\n","      <th></th>\n","      <th></th>\n","      <th>mean</th>\n","      <th>std</th>\n","      <th>mean</th>\n","      <th>std</th>\n","      <th>mean</th>\n","      <th>std</th>\n","    </tr>\n","    <tr>\n","      <th>class</th>\n","      <th>sex</th>\n","      <th></th>\n","      <th></th>\n","      <th></th>\n","      <th></th>\n","      <th></th>\n","      <th></th>\n","    </tr>\n","  </thead>\n","  <tbody>\n","    <tr>\n","      <th rowspan=\"2\" valign=\"top\">First</th>\n","      <th>female</th>\n","      <td>34.611765</td>\n","      <td>13.612052</td>\n","      <td>106.125798</td>\n","      <td>74.259988</td>\n","      <td>0.968085</td>\n","      <td>0.176716</td>\n","    </tr>\n","    <tr>\n","      <th>male</th>\n","      <td>41.281386</td>\n","      <td>15.139570</td>\n","      <td>67.226127</td>\n","      <td>77.548021</td>\n","      <td>0.368852</td>\n","      <td>0.484484</td>\n","    </tr>\n","    <tr>\n","      <th rowspan=\"2\" valign=\"top\">Second</th>\n","      <th>female</th>\n","      <td>28.722973</td>\n","      <td>12.872702</td>\n","      <td>21.970121</td>\n","      <td>10.891796</td>\n","      <td>0.921053</td>\n","      <td>0.271448</td>\n","    </tr>\n","    <tr>\n","      <th>male</th>\n","      <td>30.740707</td>\n","      <td>14.793894</td>\n","      <td>19.741782</td>\n","      <td>14.922235</td>\n","      <td>0.157407</td>\n","      <td>0.365882</td>\n","    </tr>\n","    <tr>\n","      <th rowspan=\"2\" valign=\"top\">Third</th>\n","      <th>female</th>\n","      <td>21.750000</td>\n","      <td>12.729964</td>\n","      <td>16.118810</td>\n","      <td>11.690314</td>\n","      <td>0.500000</td>\n","      <td>0.501745</td>\n","    </tr>\n","    <tr>\n","      <th>male</th>\n","      <td>26.507589</td>\n","      <td>12.159514</td>\n","      <td>12.661633</td>\n","      <td>11.681696</td>\n","      <td>0.135447</td>\n","      <td>0.342694</td>\n","    </tr>\n","  </tbody>\n","</table>\n","</div>"],"text/plain":["                     age                   fare             survived          \n","                    mean        std        mean        std      mean       std\n","class  sex                                                                    \n","First  female  34.611765  13.612052  106.125798  74.259988  0.968085  0.176716\n","       male    41.281386  15.139570   67.226127  77.548021  0.368852  0.484484\n","Second female  28.722973  12.872702   21.970121  10.891796  0.921053  0.271448\n","       male    30.740707  14.793894   19.741782  14.922235  0.157407  0.365882\n","Third  female  21.750000  12.729964   16.118810  11.690314  0.500000  0.501745\n","       male    26.507589  12.159514   12.661633  11.681696  0.135447  0.342694"]},"execution_count":9,"metadata":{},"output_type":"execute_result"}],"source":["# 라이브러리 불러오기\n","import pandas as pd\n","import seaborn as sns\n","\n","# titanic 데이터셋에서 5개 열을 선택하여 데이터프레임 만들기\n","titanic = sns.load_dataset('titanic')\n","df = titanic.loc[:, ['age', 'sex', 'class', 'fare', 'survived']]\n","\n","# class 열을 기준으로 분할\n","group = df.groupby(['class', 'sex'], observed=True)\n","\n","# 그룹 객체에 연산 메서드 적용\n","gdf = group.agg(['mean', 'std'], numeric_only=True)\n","gdf"]},{"cell_type":"code","execution_count":10,"metadata":{},"outputs":[{"data":{"text/plain":["MultiIndex([( 'First', 'female'),\n","            ( 'First',   'male'),\n","            ('Second', 'female'),\n","            ('Second',   'male'),\n","            ( 'Third', 'female'),\n","            ( 'Third',   'male')],\n","           names=['class', 'sex'])"]},"execution_count":10,"metadata":{},"output_type":"execute_result"}],"source":["# 인덱스 속성 확인하기\n","gdf.index"]},{"cell_type":"code","execution_count":18,"metadata":{},"outputs":[{"name":"stdout","output_type":"stream","text":["MultiIndex([('a', 1),\n","            ('a', 2),\n","            ('b', 1),\n","            ('b', 2)],\n","           names=['letter', 'number'])\n","MultiIndex([('a', 1),\n","            ('a', 2),\n","            ('b', 1),\n","            ('b', 2)],\n","           names=['letter', 'number'])\n","MultiIndex([('a', 1),\n","            ('a', 2),\n","            ('b', 1),\n","            ('b', 2)],\n","           names=['letters', 'numbers'])\n","MultiIndex([('a', 1),\n","            ('a', 2),\n","            ('b', 1),\n","            ('b', 2)],\n","           names=['letter', 'number'])\n"]}],"source":["# 멀티 인덱스 만들기 - 리스트 배열 이용\n","arrays = [['a', 'a', 'b', 'b'], [1, 2, 1, 2]]\n","multi_index_arrays = pd.MultiIndex.from_arrays(arrays, names=('letter', 'number'))\n","print(multi_index_arrays)\n","\n","# 멀티 인덱스 만들기 - 튜플 배열 이용\n","tuples = [('a', 1), ('a', 2), ('b', 1), ('b', 2)]\n","multi_index_tuples = pd.MultiIndex.from_tuples(tuples, names=('letter', 'number'))\n","print(multi_index_tuples)\n","\n","# 멀티 인덱스 만들기 - 교차 반복객체 이용\n","letters = ['a', 'b']\n","numbers = [1, 2]\n","multi_index_product = pd.MultiIndex.from_product([letters, numbers], names=('letters', 'numbers'))\n","print(multi_index_product)\n","\n","# 멀티 인덱스 만들기 - 데이터프레임 이용\n","df = pd.DataFrame([['a', 1], ['a', 2], ['b', 1], ['b', 2]], columns=['letter', 'number'])\n","multi_index_frame = pd.MultiIndex.from_frame(df)\n","print(multi_index_frame)"]},{"cell_type":"code","execution_count":29,"metadata":{},"outputs":[{"name":"stdout","output_type":"stream","text":["Index(['a', 'a', 'b', 'b'], dtype='object', name='letter')\n","Index(['a', 'a', 'b', 'b'], dtype='object', name='letter')\n","                     age                   fare             survived          \n","                    mean        std        mean        std      mean       std\n","class  sex                                                                    \n","First  female  34.611765  13.612052  106.125798  74.259988  0.968085  0.176716\n","       male    41.281386  15.139570   67.226127  77.548021  0.368852  0.484484\n","Second female  28.722973  12.872702   21.970121  10.891796  0.921053  0.271448\n","       male    30.740707  14.793894   19.741782  14.922235  0.157407  0.365882\n","Third  female  21.750000  12.729964   16.118810  11.690314  0.500000  0.501745\n","       male    26.507589  12.159514   12.661633  11.681696  0.135447  0.342694\n","Index(['age', 'age', 'fare', 'fare', 'survived', 'survived'], dtype='object')\n","Index(['mean', 'std', 'mean', 'std', 'mean', 'std'], dtype='object')\n"]}],"source":["# 멀티인덱스 특정 라벨 추출\n","index_int = multi_index_frame.get_level_values(0)\n","print(index_int)\n","\n","# 멀티인덱스 특정 라벨 추출\n","index_label = multi_index_frame.get_level_values('letter')\n","print(index_label)\n","\n","# 열 이름의 멀티인덱스 확인\n","gdf.columns.levels\n","\n","# 라벨을 지정하여 열 인덱스 추출_0번째 인덱스\n","index_label_2 = gdf.columns.get_level_values(0)\n","print(gdf)\n","print(index_label_2)\n","\n","# 라벨을 지정하여 열 인덱스 추출_1번째 인덱스\n","index_label_3 = gdf.columns.get_level_values(1)\n","print(index_label_3)"]},{"cell_type":"code","execution_count":33,"metadata":{},"outputs":[{"name":"stdout","output_type":"stream","text":["                    mean        std\n","class  sex                         \n","First  female  34.611765  13.612052\n","       male    41.281386  15.139570\n","Second female  28.722973  12.872702\n","       male    30.740707  14.793894\n","Third  female  21.750000  12.729964\n","       male    26.507589  12.159514\n","class   sex   \n","First   female    34.611765\n","        male      41.281386\n","Second  female    28.722973\n","        male      30.740707\n","Third   female    21.750000\n","        male      26.507589\n","Name: (age, mean), dtype: float64\n","class   sex   \n","First   female    34.611765\n","        male      41.281386\n","Second  female    28.722973\n","        male      30.740707\n","Third   female    21.750000\n","        male      26.507589\n","Name: mean, dtype: float64\n"]}],"source":["# age 변수의 데이터 선택\n","df_age = gdf['age']\n","print(df_age)\n","\n","# age 변수의 평균값 데이터 선택\n","df_age_mean = gdf['age', 'mean']\n","print(df_age_mean)\n","\n","# age 변수를 먼저 선택하고, 다시 평균값 데이터 선택\n","df_age_mean_2 = gdf['age']['mean']\n","print(df_age_mean_2)\n"]},{"cell_type":"code","execution_count":41,"metadata":{},"outputs":[{"name":"stdout","output_type":"stream","text":["              age                   fare             survived          \n","             mean        std        mean        std      mean       std\n","sex                                                                    \n","female  34.611765  13.612052  106.125798  74.259988  0.968085  0.176716\n","male    41.281386  15.139570   67.226127  77.548021  0.368852  0.484484\n"]},{"data":{"text/plain":["age   std      13.612052\n","fare  mean    106.125798\n","Name: (First, female), dtype: float64"]},"execution_count":41,"metadata":{},"output_type":"execute_result"}],"source":["# class 값이 Fist인 행 선택\n","class_first = gdf.loc['First']\n","print(class_first)\n","\n","# class 값이 First이고, sex 값이 female 행 선택\n","gdf.loc[('First', 'female')]\n","\n","# class 값이 First이고, sex 값이 female인 행의 'age' 열 선택\n","gdf.loc[('First', 'female'), 'age']\n","\n","# class 값이 First이고, sex 값이 female인 행의 'age' 열의 'mean' 선택\n","gdf.loc[('First', 'female'), ('age', 'mean')]\n","\n","# First이고 Female인 행의 'age' 열의 'std'부터 'fare'열의 'mean'열까지 범위 선택\n","gdf.loc[('First', 'female'), ('age', 'std'):('fare', 'mean')]"]},{"cell_type":"code","execution_count":42,"metadata":{},"outputs":[{"data":{"text/html":["<div>\n","<style scoped>\n","    .dataframe tbody tr th:only-of-type {\n","        vertical-align: middle;\n","    }\n","\n","    .dataframe tbody tr th {\n","        vertical-align: top;\n","    }\n","\n","    .dataframe thead tr th {\n","        text-align: left;\n","    }\n","\n","    .dataframe thead tr:last-of-type th {\n","        text-align: right;\n","    }\n","</style>\n","<table border=\"1\" class=\"dataframe\">\n","  <thead>\n","    <tr>\n","      <th></th>\n","      <th colspan=\"2\" halign=\"left\">age</th>\n","      <th colspan=\"2\" halign=\"left\">fare</th>\n","      <th colspan=\"2\" halign=\"left\">survived</th>\n","    </tr>\n","    <tr>\n","      <th></th>\n","      <th>mean</th>\n","      <th>std</th>\n","      <th>mean</th>\n","      <th>std</th>\n","      <th>mean</th>\n","      <th>std</th>\n","    </tr>\n","    <tr>\n","      <th>class</th>\n","      <th></th>\n","      <th></th>\n","      <th></th>\n","      <th></th>\n","      <th></th>\n","      <th></th>\n","    </tr>\n","  </thead>\n","  <tbody>\n","    <tr>\n","      <th>First</th>\n","      <td>41.281386</td>\n","      <td>15.139570</td>\n","      <td>67.226127</td>\n","      <td>77.548021</td>\n","      <td>0.368852</td>\n","      <td>0.484484</td>\n","    </tr>\n","    <tr>\n","      <th>Second</th>\n","      <td>30.740707</td>\n","      <td>14.793894</td>\n","      <td>19.741782</td>\n","      <td>14.922235</td>\n","      <td>0.157407</td>\n","      <td>0.365882</td>\n","    </tr>\n","    <tr>\n","      <th>Third</th>\n","      <td>26.507589</td>\n","      <td>12.159514</td>\n","      <td>12.661633</td>\n","      <td>11.681696</td>\n","      <td>0.135447</td>\n","      <td>0.342694</td>\n","    </tr>\n","  </tbody>\n","</table>\n","</div>"],"text/plain":["              age                  fare             survived          \n","             mean        std       mean        std      mean       std\n","class                                                                 \n","First   41.281386  15.139570  67.226127  77.548021  0.368852  0.484484\n","Second  30.740707  14.793894  19.741782  14.922235  0.157407  0.365882\n","Third   26.507589  12.159514  12.661633  11.681696  0.135447  0.342694"]},"execution_count":42,"metadata":{},"output_type":"execute_result"}],"source":["# 특정 레벨에서 cross - section 이용 - sex 값이 male인 데이터 선택\n","sex_male = gdf.xs('male', level='sex') \n","sex_male"]},{"cell_type":"code","execution_count":48,"metadata":{},"outputs":[{"name":"stdout","output_type":"stream","text":["                     age                   fare             survived          \n","                    mean        std        mean        std      mean       std\n","class  sex                                                                    \n","Third  male    26.507589  12.159514   12.661633  11.681696  0.135447  0.342694\n","       female  21.750000  12.729964   16.118810  11.690314  0.500000  0.501745\n","Second male    30.740707  14.793894   19.741782  14.922235  0.157407  0.365882\n","       female  28.722973  12.872702   21.970121  10.891796  0.921053  0.271448\n","First  male    41.281386  15.139570   67.226127  77.548021  0.368852  0.484484\n","       female  34.611765  13.612052  106.125798  74.259988  0.968085  0.176716\n","                     age                   fare             survived          \n","                    mean        std        mean        std      mean       std\n","class  sex                                                                    \n","Third  male    26.507589  12.159514   12.661633  11.681696  0.135447  0.342694\n","Second male    30.740707  14.793894   19.741782  14.922235  0.157407  0.365882\n","First  male    41.281386  15.139570   67.226127  77.548021  0.368852  0.484484\n","Third  female  21.750000  12.729964   16.118810  11.690314  0.500000  0.501745\n","Second female  28.722973  12.872702   21.970121  10.891796  0.921053  0.271448\n","First  female  34.611765  13.612052  106.125798  74.259988  0.968085  0.176716\n","                     age                   fare             survived          \n","                    mean        std        mean        std      mean       std\n","class  sex                                                                    \n","First  male    41.281386  15.139570   67.226127  77.548021  0.368852  0.484484\n","Second male    30.740707  14.793894   19.741782  14.922235  0.157407  0.365882\n","Third  male    26.507589  12.159514   12.661633  11.681696  0.135447  0.342694\n","First  female  34.611765  13.612052  106.125798  74.259988  0.968085  0.176716\n","Second female  28.722973  12.872702   21.970121  10.891796  0.921053  0.271448\n","Third  female  21.750000  12.729964   16.118810  11.690314  0.500000  0.501745\n"]}],"source":["# 멀티인덱스 정렬_int\n","sort_asc = gdf.sort_index(level=0, ascending=False)\n","print(sort_asc)\n","\n","# 멀티인덱스 정렬_sex순서만 고려\n","sort_dec = gdf.sort_index(level='sex', ascending=False)\n","print(sort_dec)\n","\n","# 멀티인덱스 정렬_sex를 먼저 정렬한 뒤, class 오름차순 정렬\n","sort_2 = gdf.sort_index(level=['sex', 'class'], ascending=[False, True])\n","print(sort_2)"]},{"cell_type":"code","execution_count":null,"metadata":{},"outputs":[],"source":[]}],"metadata":{"kernelspec":{"display_name":"python-training","language":"python","name":"python3"},"language_info":{"codemirror_mode":{"name":"ipython","version":3},"file_extension":".py","mimetype":"text/x-python","name":"python","nbconvert_exporter":"python","pygments_lexer":"ipython3","version":"3.10.16"}},"nbformat":4,"nbformat_minor":2}
